																				
																				
注意事項：																				
一、 高雄市政府發布颱風停止上班上課期間，營運班距為20分鐘，不適用本時刻表。																				
二、 特殊例假日期間(如：除夕、跨年……等)，本公司將視狀況調整營運班距，不適用本時刻表。																				
三、 各欄位時間為列車預定發車時刻，實際情形視列車調度狀況而定，請提前2-3分鐘進站乘車。																				
四、 以「紅色字體」標示者，表示搭乘該列車旅客，無法轉乘另一路線上行(往南岡山、往大寮)列車；以																				
「黃底」標示者，表示搭乘該列車旅客，無法轉乘另一路線下行(往小港、往西子灣)列車。																				
																				
站名：美麗島站																				
日型：平日																				
方向：上行，往南岡山																				
時	5	6	7	8	9	10	11	12	13	14	15	16	17	18	19	20	21	22	23	24
	58	9	2	2		4		4		4		4	3	1	7	4		4		21
		19	7	6	8	12	8	12	8	12	8	12	7	5	15	12	8	12	8	
		27	12	11	16	20	16	20	16	20	16	20	12	10	23	20	14	20	16	
		35	17	16	22	28	24	28	24	28	24	28	16	14	31	28	19	28	36	
		42	22	21	26	36	32	36	32	36	32	36	21	19	35	36	24	36	56	
		48	28	27	32	44	40	44	40	44	40	44	25	23	40	44	32	44		
		53	32	33	40	52	48	52	48	52	48	49	30	28	48	52	38	52		
分		58	38	39	48		56		56		54	54	34	32	55		43			
			44	45	56						59	58	38	36	59		48			
			50	52									43	41			56			
			56										47	47						
													52	53						
													56	59						
										方向：下行，往小港										
時	5	6	7	8	9	10	11	12	13	14	15	16	17	18	19	20	21	22	23	24
		12	1	3		4		4		4		4			3	4		4		9
		29	6	7	8	12	8	12	8	12	8	12	6	4	9	12	4	12	8	29
		35	11	13	16	20	16	20	16	20	16	20	10	9	16	20	8	20	16	
		43	16	18	24	28	24	28	24	28	24	24	15	13	20	28	16	28	24	
		51	21	24	31	36	32	36	32	36	32	28	19	18	26	36	24	36	32	
		56	25	30	37	44	40	44	40	44	40	36	24	22	33	40	32	44	49	
			31	36	44	52	48	52	48	52	48	44	28	27	38	44	40	52		
分			36	42	50		56		56		56	52	33	31	43	52	48			
			40	48	56								37	36	49		56			
			46	54									42	40	57					
			51										46	45						
			57										51	49						
													55	54						
													58							
																				
																				
																				
																				
																				
站名：美麗島站																				
日型：平日																				
方向：上行，往大寮																				
時	5	6	7	8	9	10	11	12	13	14	15	16	17	18	19	20	21	22	23	24
		5	3		4		4		4		4		2	4	4		4		4	5
		13	9	5	12	8	12	8	12	8	12	8	8	9	12	8	12	8	12	
		19	15	9	20	16	20	16	20	16	20	16	14	15	20	16	20	16	25	
		25	20	15	28	24	28	24	28	24	28	24	19	19	28	24	28	24	45	
		33	25	20	36	32	36	32	36	32	36	32	24	24	36	32	36	32		
分		39	30	25	44	40	44	40	44	40	44	38	29	29	44	40	44	40		
		45	35	29	52	48	52	48	52	48	52	44	34	33	52	48	52	48		
		51	40	34		56		56		56		50	39	39		56		56		
		57	45	40								56	44	47						
			49	47									49	51						
			55	51									54	57						
				56									59							
										方向：下行，往西子灣										
時	5	6	7	8	9	10	11	12	13	14	15	16	17	18	19	20	21	22	23	24
			2	2	3	7	3	7	3	7	3	7	1	1	3	7	3	7	3	16
		7	7	7	11	15	11	15	11	15	11	15	6	6	11	15	11	15	11	
		16	11	12	19	23	19	23	19	23	19	22	10	11	19	23	19	23	19	
		23	17	18	27	31	27	31	27	31	27	28	16	16	27	31	27	31	36	
		29	22	24	35	39	35	39	35	39	35	35	21	23	35	39	35	39	56	
分		35	27	30	43	47	43	47	43	47	43	40	26	29	43	47	43	47		
		42	32	35	51	55	51	55	51	55	51	46	31	35	51	55	51	55		
		48	37	41	59		59		59		59	51	36	41	59		59			
		53	41	47								55	40	47						
		57	47	55									46	55						
			52										51							
			57										56							
																				
																				
																				
																				
																				
注意事項：																				
一、 高雄市政府發布颱風停止上班上課期間，營運班距為20分鐘，不適用本時刻表。																				
二、 特殊例假日期間(如：除夕、跨年……等)，本公司將視狀況調整營運班距，不適用本時刻表。																				
三、 各欄位時間為列車預定發車時刻，實際情形視列車調度狀況而定，請提前2-3分鐘進站乘車。																				
四、 以「紅色字體」標示者，表示搭乘該列車旅客，無法轉乘另一路線上行(往南岡山、往大寮)列車；以																				
「黃底」標示者，表示搭乘該列車旅客，無法轉乘另一路線下行(往小港、往西子灣)列車。																				
																				
站名：小港站																				
日型：平日																				
方向：上行，往南岡山																				
時	5	6	7	8	9	10	11	12	13	14	15	16	17	18	19	20	21	22	23	24
	55	3	2			4		4		4		4		3	7	4	3	4		
		11	6	5	6	12	8	12	8	12	8	12	5	7	15	12	8	12	20	
		19	12	11	10	20	16	20	16	20	16	20	9	12	19	20	16	20	40	
		26	17	17	16	28	24	28	24	28	24	28	14	16	24	28	22	28		
		32	22	23	24	36	32	36	32	36	32	33	18	21	32	36	27	36		
		37	28	29	32	44	40	44	40	44	38	38	22	25	39	44	32	44		
		42	34	36	40	52	48	52	48	52	43	42	27	31	43	52	40	52		
分		46	40	44	48		56		56		48	47	31	37	48	58	48			
		51	46	52	56						56	51	36	43	56		56			
		57	50									56	40	51						
			55										45	59						
													49							
													54							
													58							
																				
																				
																				
																				
																				
注意事項：																				
一、 高雄市政府發布颱風停止上班上課期間，營運班距為20分鐘，不適用本時刻表。																				
二、 特殊例假日期間(如：除夕、跨年……等)，本公司將視狀況調整營運班距，不適用本時刻表。																				
三、 各欄位時間為列車預定發車時刻，實際情形視列車調度狀況而定，請提前2-3分鐘進站乘車。																				
四、 以「紅色字體」標示者，表示搭乘該列車旅客，無法轉乘另一路線上行(往南岡山、往大寮)列車；以																				
「黃底」標示者，表示搭乘該列車旅客，無法轉乘另一路線下行(往小港、往西子灣)列車。																				
																				
站名：高雄國際機場站																				
日型：平日																				
方向：上行，往南岡山																				
時	5	6	7	8	9	10	11	12	13	14	15	16	17	18	19	20	21	22	23	24
	56	4	3	1	1	5	1	5	1	5	1	5	1	4		5	4	5	1	2
		12	7	6	7	13	9	13	9	13	9	13	6	8	8	13	9	13	21	
		20	13	12	11	21	17	21	17	21	17	21	10	13	16	21	17	21	41	
		27	18	18	17	29	25	29	25	29	25	29	15	17	20	29	23	29		
		33	23	24	25	37	33	37	33	37	33	34	19	22	25	37	28	37		
		38	29	30	33	45	41	45	41	45	39	39	23	26	33	45	33	45		
		43	35	37	41	53	49	53	49	53	44	43	28	32	40	53	41	53		
分		47	41	45	49		57		57		49	48	32	38	44	59	49			
		52	47	53	57						57	52	37	44	49		57			
		58	51									57	41	52	57					
			56										46							
50																				
55																				
59																				
																				
方向：下行，往小港																				
時	5	6	7	8	9	10	11	12	13	14	15	16	17	18	19	20	21	22	23	24
		26	6	1	3	5	7	3	7	3	7	3	7	1		4	7	3	7	4
		44	11	6	9	11	15	11	15	11	15	11	15	6	4	12	15	11	15	24
		50	16	12	15	19	23	19	23	19	23	19	21	10	9	19	19	19	23	44
		58	21	18	23	27	31	27	31	27	31	27	25	15	13	27	23	27	31	
			26	22	31	35	39	35	39	35	39	34	30	19	18	35	31	35	39	
			30	28	39	43	47	43	47	43	47	39	34	24	24	43	39	43	47	
			36	32	46	51	55	51	55	51	55	43	39	28	31	51	47	51		
分			40	39	52	59		59		59		51	43	33	35	55	55	59		
			46	44	58							59	48	37	41	59				
			51	51									52	42	48					
			55	56									57	46	53					
														51	58					
55																				
																				
																				
																				
																				
																				
注意事項：																				
一、 高雄市政府發布颱風停止上班上課期間，營運班距為20分鐘，不適用本時刻表。																				
二、 特殊例假日期間(如：除夕、跨年……等)，本公司將視狀況調整營運班距，不適用本時刻表。																				
三、 各欄位時間為列車預定發車時刻，實際情形視列車調度狀況而定，請提前2-3分鐘進站乘車。																				
四、 以「紅色字體」標示者，表示搭乘該列車旅客，無法轉乘另一路線上行(往南岡山、往大寮)列車；以																				
「黃底」標示者，表示搭乘該列車旅客，無法轉乘另一路線下行(往小港、往西子灣)列車。																				
																				
站名：草衙站																				
日型：平日																				
方向：上行，往南岡山																				
時	5	6	7	8	9	10	11	12	13	14	15	16	17	18	19	20	21	22	23	24
	58	7	1	4	4		4		4		4			2	3		2		4	5
		15	6	9	10	8	12	8	12	8	12	8	4	7	11	8	7	8	24	
		23	10	15	14	16	20	16	20	16	20	16	9	11	19	16	12	16	44	
		30	16	21	20	24	28	24	28	24	28	24	13	16	23	24	20	24		
		36	21	27	28	32	36	32	36	32	36	32	18	20	28	32	26	32		
		41	26	33	36	40	44	40	44	40	42	37	22	25	36	40	31	40		
		46	32	40	44	48	52	48	52	48	47	42	26	29	43	48	36	48		
分		50	38	48	52	56		56		56	52	46	31	35	47	56	44	56		
		55	44	56								51	35	41	52		52			
			50									55	40	47						
			54										44	55						
			59										49							
													53							
													58							
										方向：下行，往小港										
時	5	6	7	8	9	10	11	12	13	14	15	16	17	18	19	20	21	22	23	24
		24	4	4	1	3	5	1	5	1	5	1	5	4	2	2	5	1	5	2
		42	9	10	7	9	13	9	13	9	13	9	13	8	7	10	13	9	13	22
		48	14	16	13	17	21	17	21	17	21	17	19	13	11	17	17	17	21	42
		56	19	20	21	25	29	25	29	25	29	25	23	17	16	25	21	25	29	
			24	26	29	33	37	33	37	33	37	32	28	22	22	33	29	33	37	
			28	30	37	41	45	41	45	41	45	37	32	26	29	41	37	41	45	
			33	37	44	49	53	49	53	49	53	40	37	31	33	49	45	49		
分			38	42	50	57		57		57		49	41	35	39	53	53	57		
			44	49	56							57	46	40	46	57				
			49	54									50	44	51					
			53										55	49	56					
			59										59	53						
58																				
																				
																				
																				
																				
																				
注意事項：																				
一、 高雄市政府發布颱風停止上班上課期間，營運班距為20分鐘，不適用本時刻表。																				
二、 特殊例假日期間(如：除夕、跨年……等)，本公司將視狀況調整營運班距，不適用本時刻表。																				
三、 各欄位時間為列車預定發車時刻，實際情形視列車調度狀況而定，請提前2-3分鐘進站乘車。																				
四、 以「紅色字體」標示者，表示搭乘該列車旅客，無法轉乘另一路線上行(往南岡山、往大寮)列車；以																				
「黃底」標示者，表示搭乘該列車旅客，無法轉乘另一路線下行(往小港、往西子灣)列車。																				
																				
站名：前鎮高中站																				
日型：平日																				
方向：上行，往南岡山																				
時	5	6	7	8	9	10	11	12	13	14	15	16	17	18	19	20	21	22	23	24
			3	1	6	2	6	2	6	2	6	2	2		5	2	4	2	6	8
		9	8	6	12	10	14	10	14	10	14	10	6	4	13	10	9	10	26	
		17	12	11	16	18	22	18	22	18	22	18	11	9	21	18	14	18	46	
		25	18	17	22	26	30	26	30	26	30	26	15	13	25	26	22	26		
		32	23	23	30	34	38	34	38	34	38	34	20	18	30	34	28	34		
		38	28	29	38	42	46	42	46	42	44	39	24	22	38	42	33	42		
		43	34	35	46	50	54	50	54	50	49	44	28	27	45	50	38	50		
分		48	40	42	54	58		58		58	54	48	33	31	49	58	46	58		
		52	46	50								53	37	37	54		54			
		57	52	58								57	42	43						
			56										46	49						
													51	57						
													55							
										方向：下行，往小港										
時	5	6	7	8	9	10	11	12	13	14	15	16	17	18	19	20	21	22	23	24
		22	2	2	5	1	3	7	3	7	3	7	3	2			3	7	3	
		40	7	8	11	7	11	15	11	15	11	15	11	6	5	8	11	15	11	20
		46	12	14	19	15	19	23	19	23	19	23	17	11	9	15	15	23	19	40
		54	17	18	27	23	27	31	27	31	27	30	21	15	14	23	19	31	27	
			22	24	35	31	35	39	35	39	35	35	26	20	20	31	27	39	35	
			26	28	42	39	43	47	43	47	43	38	30	24	27	39	35	47	43	
			31	35	48	47	51	55	51	55	51	47	35	29	31	47	43	55		
分			36	40	54	55	59		59		59	55	39	33	37	51	51			
			42	47									44	38	44	55	59			
			47	52									48	42	49					
			51	59									53	47	54					
			57										57	51						
56																				
																				
																				
																				
																				
																				
注意事項：																				
一、 高雄市政府發布颱風停止上班上課期間，營運班距為20分鐘，不適用本時刻表。																				
二、 特殊例假日期間(如：除夕、跨年……等)，本公司將視狀況調整營運班距，不適用本時刻表。																				
三、 各欄位時間為列車預定發車時刻，實際情形視列車調度狀況而定，請提前2-3分鐘進站乘車。																				
四、 以「紅色字體」標示者，表示搭乘該列車旅客，無法轉乘另一路線上行(往南岡山、往大寮)列車；以																				
「黃底」標示者，表示搭乘該列車旅客，無法轉乘另一路線下行(往小港、往西子灣)列車。																				
																				
站名：凱旋站																				
日型：平日																				
方向：上行，往南岡山																				
時	5	6	7	8	9	10	11	12	13	14	15	16	17	18	19	20	21	22	23	24
		2	5	3		4		4		4		4	4	2	7	4		4		10
		11	10	8	8	12	8	12	8	12	8	12	8	6	15	12	6	12	8	
		19	14	13	14	20	16	20	16	20	16	20	13	11	23	20	11	20	28	
		27	20	19	18	28	24	28	24	28	24	28	17	15	27	28	16	28	48	
		34	25	25	24	36	32	36	32	36	32	36	22	20	32	36	24	36		
		40	30	31	32	44	40	44	40	44	40	41	26	24	40	44	30	44		
		45	36	37	40	52	48	52	48	52	46	46	30	29	47	52	35	52		
分		50	42	44	48		56		56		51	50	35	33	51		40			
		54	48	52	56						56	55	39	39	56		48			
		59	54									59	44	45			56			
			58										48	51						
													53	59						
													57							
										方向：下行，往小港										
時	5	6	7	8	9	10	11	12	13	14	15	16	17	18	19	20	21	22	23	24
		20			3	5	1	5	1	5	1	5	1		3	6	1	5	1	18
		38	5	6	9	13	9	13	9	13	9	13	9	4	7	13	9	13	9	38
		44	10	12	17	21	17	21	17	21	17	21	15	9	12	21	13	21	17	
		52	15	16	25	29	25	29	25	29	25	28	19	13	18	29	17	29	25	
			20	22	33	37	33	37	33	37	33	33	24	18	25	37	25	37	33	
			24	26	40	45	41	45	41	45	41	36	28	22	29	45	33	45	41	
			29	33	46	53	49	53	49	53	49	45	33	27	35	49	41	53	58	
分			34	38	52		57		57		57	53	37	31	42	53	49			
			40	45	59								42	36	47		57			
			45	50									46	40	52					
			49	57									51	45	58					
			55										55	49						
54																				
58																				
																				
																				
																				
																				
																				
注意事項：																				
一、 高雄市政府發布颱風停止上班上課期間，營運班距為20分鐘，不適用本時刻表。																				
二、 特殊例假日期間(如：除夕、跨年……等)，本公司將視狀況調整營運班距，不適用本時刻表。																				
三、 各欄位時間為列車預定發車時刻，實際情形視列車調度狀況而定，請提前2-3分鐘進站乘車。																				
四、 以「紅色字體」標示者，表示搭乘該列車旅客，無法轉乘另一路線上行(往南岡山、往大寮)列車；以																				
「黃底」標示者，表示搭乘該列車旅客，無法轉乘另一路線下行(往小港、往西子灣)列車。																				
																				
站名：獅甲站																				
日型：平日																				
方向：上行，往南岡山																				
時	5	6	7	8	9	10	11	12	13	14	15	16	17	18	19	20	21	22	23	24
		4	1		2	6	2	6	2	6	2	6	1	4	1	6	2	6	2	13
		13	7	5	10	14	10	14	10	14	10	14	6	8	9	14	8	14	10	
		21	12	10	16	22	18	22	18	22	18	22	10	13	17	22	13	22	30	
		29	16	15	20	30	26	30	26	30	26	30	15	17	25	30	18	30	50	
		36	22	21	26	38	34	38	34	38	34	38	19	22	29	38	26	38		
		42	27	27	34	46	42	46	42	46	42	43	24	26	34	46	32	46		
		47	32	33	42	54	50	54	50	54	48	48	28	31	42	54	37	54		
分		52	38	39	50		58		58		53	52	32	35	49		42			
		56	44	46	58						58	57	37	41	53		50			
			50	54									41	47	58		58			
			56										46	53						
50																				
55																				
59																				
																				
方向：下行，往小港																				
時	5	6	7	8	9	10	11	12	13	14	15	16	17	18	19	20	21	22	23	24
		18	2	3		2	6	2	6	2	6	2	6	1		3	6	2	6	15
		35	7	9	6	10	14	10	14	10	14	10	12	6	4	10	10	10	14	35
		41	12	13	14	18	22	18	22	18	22	18	16	10	9	18	14	18	22	
		49	17	19	22	26	30	26	30	26	30	26	21	15	15	26	22	26	30	
		57	22	24	30	34	38	34	38	34	38	30	25	19	22	34	30	34	38	
			27	30	37	42	46	42	46	42	46	34	30	24	26	42	38	42	55	
			31	36	43	50	54	50	54	50	54	42	34	28	32	46	46	50		
分			37	42	50	58		58		58		50	39	33	39	50	54	58		
			42	48	56							58	43	37	44	58				
			46	54									48	42	49					
			52										52	46	55					
			57										57	51						
55																				
																				
																				
																				
																				
																				
注意事項：																				
一、 高雄市政府發布颱風停止上班上課期間，營運班距為20分鐘，不適用本時刻表。																				
二、 特殊例假日期間(如：除夕、跨年……等)，本公司將視狀況調整營運班距，不適用本時刻表。																				
三、 各欄位時間為列車預定發車時刻，實際情形視列車調度狀況而定，請提前2-3分鐘進站乘車。																				
四、 以「紅色字體」標示者，表示搭乘該列車旅客，無法轉乘另一路線上行(往南岡山、往大寮)列車；以																				
「黃底」標示者，表示搭乘該列車旅客，無法轉乘另一路線下行(往小港、往西子灣)列車。																				
																				
站名：三多商圈站																				
日型：平日																				
方向：上行，往南岡山																				
時	5	6	7	8	9	10	11	12	13	14	15	16	17	18	19	20	21	22	23	24
	55	5	3	2	4		4		4		4		3	1	3		4		4	16
		15	9	7	12	8	12	8	12	8	12	8	8	6	11	8	10	8	12	
		23	14	12	18	16	20	16	20	16	20	16	12	10	19	16	15	16	32	
		31	18	17	22	24	28	24	28	24	28	24	17	15	27	24	20	24	52	
		38	24	23	28	32	36	32	36	32	36	32	21	19	31	32	28	32		
		44	29	29	36	40	44	40	44	40	44	40	26	24	36	40	34	40		
		49	34	35	44	48	52	48	52	48	50	45	30	28	44	48	39	48		
分		54	40	41	52	56		56		56	55	50	34	33	51	56	44	56		
		58	46	48								54	39	37	55		52			
			52	56								59	43	43						
			58										48	49						
													52	55						
													57							
										方向：下行，往小港										
時	5	6	7	8	9	10	11	12	13	14	15	16	17	18	19	20	21	22	23	24
		16		1	4		4		4		4		4	4	2	1	4		4	13
		33	5	7	12	8	12	8	12	8	12	8	10	8	7	8	8	8	12	33
		39	10	11	20	16	20	16	20	16	20	16	14	13	13	16	12	16	20	
		47	15	17	28	24	28	24	28	24	28	24	19	17	20	24	20	24	28	
		55	20	22	35	32	36	32	36	32	36	28	23	22	24	32	28	32	36	
			25	28	41	40	44	40	44	40	44	32	28	26	30	40	36	40	53	
			29	34	48	48	52	48	52	48	52	40	32	31	37	44	44	48		
分			35	40	54	56		56		56		48	37	35	42	48	52	56		
			40	46								56	41	40	47	56				
			44	52									46	44	53					
			50	58									50	49						
			55										55	53						
													59	58						
																				
																				
																				
																				
																				
注意事項：																				
一、 高雄市政府發布颱風停止上班上課期間，營運班距為20分鐘，不適用本時刻表。																				
二、 特殊例假日期間(如：除夕、跨年……等)，本公司將視狀況調整營運班距，不適用本時刻表。																				
三、 各欄位時間為列車預定發車時刻，實際情形視列車調度狀況而定，請提前2-3分鐘進站乘車。																				
四、 以「紅色字體」標示者，表示搭乘該列車旅客，無法轉乘另一路線上行(往南岡山、往大寮)列車；以																				
「黃底」標示者，表示搭乘該列車旅客，無法轉乘另一路線下行(往小港、往西子灣)列車。																				
																				
站名：中央公園站																				
日型：平日																				
方向：上行，往南岡山																				
時	5	6	7	8	9	10	11	12	13	14	15	16	17	18	19	20	21	22	23	24
	56	7			6	2	6	2	6	2	6	2	1	3	5	2	6	2	6	18
		17	5	4	14	10	14	10	14	10	14	10	5	8	13	10	12	10	14	
		25	11	9	20	18	22	18	22	18	22	18	10	12	21	18	17	18	34	
		33	16	14	24	26	30	26	30	26	30	26	14	17	29	26	22	26	54	
		40	20	19	30	34	38	34	38	34	38	34	19	21	33	34	30	34		
		46	26	25	38	42	46	42	46	42	46	42	23	26	38	42	36	42		
		51	31	31	46	50	54	50	54	50	52	47	28	30	46	50	41	50		
分		56	36	37	54	58		58		58	57	52	32	35	53	58	46	58		
			42	43								56	36	39	57		54			
			48	50									41	45						
			54	58									45	51						
													50	57						
													54							
													59							
										方向：下行，往小港										
時	5	6	7	8	9	10	11	12	13	14	15	16	17	18	19	20	21	22	23	24
		14	3	5	2	6	2	6	2	6	2	6	2	2		6	2	6	2	11
		31	8	9	10	14	10	14	10	14	10	14	8	6	5	14	6	14	10	31
		37	13	15	18	22	18	22	18	22	18	22	12	11	11	22	10	22	18	
		45	18	20	26	30	26	30	26	30	26	26	17	15	18	30	18	30	26	
		53	23	26	33	38	34	38	34	38	34	30	21	20	22	38	26	38	34	
		58	27	32	39	46	42	46	42	46	42	38	26	24	28	42	34	46	51	
			33	38	46	54	50	54	50	54	50	46	30	29	35	46	42	54		
分			38	44	52		58		58		58	54	35	33	40	54	50			
			42	50	58								39	38	45		58			
			48	56									44	42	51					
			53										48	47	59					
			59										53	51						
													57	56						
																				
																				
																				
																				
																				
注意事項：																				
一、 高雄市政府發布颱風停止上班上課期間，營運班距為20分鐘，不適用本時刻表。																				
二、 特殊例假日期間(如：除夕、跨年……等)，本公司將視狀況調整營運班距，不適用本時刻表。																				
三、 各欄位時間為列車預定發車時刻，實際情形視列車調度狀況而定，請提前2-3分鐘進站乘車。																				
四、 以「紅色字體」標示者，表示搭乘該列車旅客，無法轉乘另一路線上行(往南岡山、往大寮)列車；以																				
「黃底」標示者，表示搭乘該列車旅客，無法轉乘另一路線下行(往小港、往西子灣)列車。																				
																				
站名：高雄車站																				
日型：平日																				
方向：上行，往南岡山																				
時	5	6	7	8	9	10	11	12	13	14	15	16	17	18	19	20	21	22	23	24
				4	2	6	2	6	2	6	2	1		3	1	1	2	6	2	23
		10	4	8	10	14	10	14	10	14	10	6	5	7	9	6	10	14	10	
		21	9	13	18	22	18	22	18	22	18	14	9	12	17	14	16	22	18	
		29	14	18	24	30	26	30	26	30	26	22	14	16	25	22	21	30	38	
		37	19	23	28	38	34	38	34	38	34	30	18	21	33	30	26	38	58	
		44	24	29	34	46	42	46	42	46	42	38	23	25	37	38	34	46		
		50	30	35	42	54	50	54	50	54	50	46	27	30	42	46	40	54		
分		55	34	41	50		58		58		56	51	32	34	50	54	45			
			40	47	58							56	36	38	57		50			
			46	54									40	43			58			
			52										45	49						
			58										49	55						
													54							
													58							
										方向：下行，往小港										
時	5	6	7	8	9	10	11	12	13	14	15	16	17	18	19	20	21	22	23	24
		10		2	7	3	7	3	7	3	7	3	5	3	2	3	3	3	7	8
		28	5	6	15	11	15	11	15	11	15	11	9	8	8	11	7	11	15	28
		34	10	12	23	19	23	19	23	19	23	19	14	12	15	19	15	19	23	
		42	14	16	30	27	31	27	31	27	31	23	18	17	19	27	23	27	31	
		50	20	23	36	35	39	35	39	35	39	27	23	21	25	35	31	35	48	
		55	24	29	43	43	47	43	47	43	47	35	27	26	32	39	39	43		
			30	35	49	51	55	51	55	51	55	43	32	30	37	43	47	51		
分			35	40	55	59		59		59		51	36	35	42	51	55	59		
			39	47								59	41	39	48	59				
			45	53									45	44	56					
			50	59									50	48						
			56										54	53						
													59	57						
																				
																				
																				
																				
																				
注意事項：																				
一、 高雄市政府發布颱風停止上班上課期間，營運班距為20分鐘，不適用本時刻表。																				
二、 特殊例假日期間(如：除夕、跨年……等)，本公司將視狀況調整營運班距，不適用本時刻表。																				
三、 各欄位時間為列車預定發車時刻，實際情形視列車調度狀況而定，請提前2-3分鐘進站乘車。																				
四、 以「紅色字體」標示者，表示搭乘該列車旅客，無法轉乘另一路線上行(往南岡山、往大寮)列車；以																				
「黃底」標示者，表示搭乘該列車旅客，無法轉乘另一路線下行(往小港、往西子灣)列車。																				
																				
站名：後驛站																				
日型：平日																				
方向：上行，往南岡山																				
時	5	6	7	8	9	10	11	12	13	14	15	16	17	18	19	20	21	22	23	24
		2	2		4		4		4		4	3	2		3	3	4		4	
		13	6	6	12	8	12	8	12	8	12	8	7	5	11	8	12	8	12	25
		23	11	10	20	16	20	16	20	16	20	16	11	9	19	16	18	16	20	
		31	17	15	26	24	28	24	28	24	28	24	16	14	27	24	23	24	40	
		39	22	20	30	32	36	32	36	32	36	32	20	18	35	32	28	32		
		46	26	25	36	40	44	40	44	40	44	40	25	23	39	40	36	40		
		52	32	31	44	48	52	48	52	48	52	48	29	27	44	48	42	48		
分		57	37	37	52	56		56		56	58	53	34	32	52	56	47	56		
			42	43								58	38	36	59		52			
			48	49									42	41						
			54	56									47	45						
													51	51						
													56	57						
										方向：下行，往小港										
時	5	6	7	8	9	10	11	12	13	14	15	16	17	18	19	20	21	22	23	24
		8	2	3	4		4		4		4		2		5				4	5
		25	7	9	12	8	12	8	12	8	12	8	6	5	12	8	4	8	12	25
		31	12	14	20	16	20	16	20	16	20	16	11	9	16	16	12	16	20	
		39	17	20	27	24	28	24	28	24	28	20	15	14	22	24	20	24	28	
		47	21	26	33	32	36	32	36	32	36	24	20	18	29	32	28	32	45	
		52	27	32	40	40	44	40	44	40	44	32	24	23	34	36	36	40		
		57	32	38	46	48	52	48	52	48	52	40	29	27	39	40	44	48		
分			36	44	52	56		56		56		48	33	32	45	48	52	56		
			42	50								56	38	36	53	56				
			47	56									42	41						
			53										47	45						
			59										51	50						
													56	54						
59																				
																				
																				
																				
																				
																				
注意事項：																				
一、 高雄市政府發布颱風停止上班上課期間，營運班距為20分鐘，不適用本時刻表。																				
二、 特殊例假日期間(如：除夕、跨年……等)，本公司將視狀況調整營運班距，不適用本時刻表。																				
三、 各欄位時間為列車預定發車時刻，實際情形視列車調度狀況而定，請提前2-3分鐘進站乘車。																				
四、 以「紅色字體」標示者，表示搭乘該列車旅客，無法轉乘另一路線上行(往南岡山、往大寮)列車；以																				
「黃底」標示者，表示搭乘該列車旅客，無法轉乘另一路線下行(往小港、往西子灣)列車。																				
																				
站名：凹子底站																				
日型：平日																				
方向：上行，往南岡山																				
時	5	6	7	8	9	10	11	12	13	14	15	16	17	18	19	20	21	22	23	24
		4	4	2	6	2	6	2	6	2	6			2	5	1	6	2	6	2
		14	8	8	14	10	14	10	14	10	14	5	4	7	13	5	14	10	14	27
		25	13	12	22	18	22	18	22	18	22	10	9	11	21	10	20	18	22	
		33	18	17	28	26	30	26	30	26	30	18	13	16	29	18	25	26	42	
		41	23	22	32	34	38	34	38	34	38	26	18	20	37	26	30	34		
		48	28	27	38	42	46	42	46	42	46	34	22	25	41	34	38	42		
		54	34	33	46	50	54	50	54	50	54	42	27	29	46	42	44	50		
分		59	38	39	54	58		58		58		50	31	34	54	50	49	58		
			44	45								55	36	38		58	54			
			50	51									40	42						
			56	58									44	47						
													49	53						
													53	59						
													58							
										方向：下行，往小港										
時	5	6	7	8	9	10	11	12	13	14	15	16	17	18	19	20	21	22	23	24
		6	1	2	3	7	3	7	3	7	3	7	1	4	4	7	3	7	3	4
		24	6	8	11	15	11	15	11	15	11	15	5	8	11	15	11	15	11	24
		30	10	12	19	23	19	23	19	23	19	19	10	13	15	23	19	23	19	
		38	16	19	26	31	27	31	27	31	27	23	14	17	21	31	27	31	27	
		46	20	25	32	39	35	39	35	39	35	31	19	22	28	35	35	39	44	
		51	26	31	39	47	43	47	43	47	43	39	23	26	33	39	43	47		
		56	31	36	45	55	51	55	51	55	51	47	28	31	38	47	51	55		
分			35	43	51		59		59		59	55	32	35	44	55	59			
			41	49	59								37	40	52	59				
			46	55									41	44	59					
			52										46	49						
			58										50	53						
													55	58						
59																				
																				
																				
																				
																				
																				
注意事項：																				
一、 高雄市政府發布颱風停止上班上課期間，營運班距為20分鐘，不適用本時刻表。																				
二、 特殊例假日期間(如：除夕、跨年……等)，本公司將視狀況調整營運班距，不適用本時刻表。																				
三、 各欄位時間為列車預定發車時刻，實際情形視列車調度狀況而定，請提前2-3分鐘進站乘車。																				
四、 以「紅色字體」標示者，表示搭乘該列車旅客，無法轉乘另一路線上行(往南岡山、往大寮)列車；以																				
「黃底」標示者，表示搭乘該列車旅客，無法轉乘另一路線下行(往小港、往西子灣)列車。																				
																				
站名：巨蛋站																				
日型：平日																				
方向：上行，往南岡山																				
時	5	6	7	8	9	10	11	12	13	14	15	16	17	18	19	20	21	22	23	24
		6	1	4		4		4		4		2	2		1	3		4		4
		16	6	10	8	12	8	12	8	12	8	7	6	4	7	7	8	12	8	29
		27	10	14	16	20	16	20	16	20	16	12	11	9	15	12	16	20	16	
		35	15	19	24	28	24	28	24	28	24	20	15	13	23	20	22	28	24	
		43	20	24	30	36	32	36	32	36	32	28	20	18	31	28	27	36	44	
		50	25	29	34	44	40	44	40	44	40	36	24	22	39	36	32	44		
		56	30	35	40	52	48	52	48	52	48	44	29	27	43	44	40	52		
分			36	41	48		56		56		56	52	33	31	48	52	46			
			40	47	56							57	38	36	56		51			
			46	53									42	40			56			
			52										46	44						
			58										51	49						
													55	55						
										方向：下行，往小港										
時	5	6	7	8	9	10	11	12	13	14	15	16	17	18	19	20	21	22	23	24
		4	4		1	5	1	5	1	5	1	5	3	2	2	5	1	5	1	2
		22	8	6	9	13	9	13	9	13	9	13	8	6	9	13	9	13	9	22
		28	14	10	17	21	17	21	17	21	17	17	12	11	13	21	17	21	17	
		36	18	17	24	29	25	29	25	29	25	21	17	15	19	29	25	29	25	
		44	24	23	30	37	33	37	33	37	33	29	21	20	26	33	33	37	42	
		49	29	29	37	45	41	45	41	45	41	37	26	24	31	37	41	45		
		54	33	34	43	53	49	53	49	53	49	45	30	29	36	45	49	53		
分		59	39	41	49		57		57		57	53	35	33	42	53	57			
			44	47	57							59	39	38	50	57				
			50	53									44	42	57					
			56										48	47						
													53	51						
													57	56						
																				
																				
																				
																				
																				
注意事項：																				
一、 高雄市政府發布颱風停止上班上課期間，營運班距為20分鐘，不適用本時刻表。																				
二、 特殊例假日期間(如：除夕、跨年……等)，本公司將視狀況調整營運班距，不適用本時刻表。																				
三、 各欄位時間為列車預定發車時刻，實際情形視列車調度狀況而定，請提前2-3分鐘進站乘車。																				
四、 以「紅色字體」標示者，表示搭乘該列車旅客，無法轉乘另一路線上行(往南岡山、往大寮)列車；以																				
「黃底」標示者，表示搭乘該列車旅客，無法轉乘另一路線下行(往小港、往西子灣)列車。																				
																				
站名：生態園區站																				
日型：平日																				
方向：上行，往南岡山																				
時	5	6	7	8	9	10	11	12	13	14	15	16	17	18	19	20	21	22	23	24
		8	3		2	6	2	6	2	6	2	4	4	2	3	5	2	6	2	6
		18	8	6	10	14	10	14	10	14	10	9	8	6	9	9	10	14	10	31
		29	12	12	18	22	18	22	18	22	18	14	13	11	17	14	18	22	18	
		37	17	16	26	30	26	30	26	30	26	22	17	15	25	22	24	30	26	
		45	22	21	32	38	34	38	34	38	34	30	22	20	33	30	29	38	46	
		52	27	26	36	46	42	46	42	46	42	38	26	24	41	38	34	46		
		58	32	31	42	54	50	54	50	54	50	46	31	29	45	46	42	54		
分			38	37	50		58		58		58	54	35	33	50	54	48			
			42	43	58							59	40	38	58		53			
			48	49									44	42			58			
			54	55									48	46						
													53	51						
													57	57						
										方向：下行，往小港										
時	5	6	7	8	9	10	11	12	13	14	15	16	17	18	19	20	21	22	23	24
		2	2	4	7	3	7	3	7	3	7	3	1			3	7	3	7	
		20	7	9	15	11	15	11	15	11	15	11	6	4	7	11	15	11	15	20
		26	12	15	22	19	23	19	23	19	23	15	10	9	11	19	23	19	23	
		34	16	21	28	27	31	27	31	27	31	19	15	13	17	27	31	27	40	
		42	22	27	35	35	39	35	39	35	39	27	19	18	24	31	39	35		
		47	27	33	41	43	47	43	47	43	47	35	24	22	29	35	47	43		
		52	31	39	47	51	55	51	55	51	55	43	28	27	34	43	55	51		
分		57	37	45	55	59		59		59		51	33	31	40	51		59		
			42	51								57	37	36	48	55				
			48	59									42	40	55	59				
			54										46	45						
			58										51	49						
													55	54						
																				
																				
																				
																				
																				
注意事項：																				
一、 高雄市政府發布颱風停止上班上課期間，營運班距為20分鐘，不適用本時刻表。																				
二、 特殊例假日期間(如：除夕、跨年……等)，本公司將視狀況調整營運班距，不適用本時刻表。																				
三、 各欄位時間為列車預定發車時刻，實際情形視列車調度狀況而定，請提前2-3分鐘進站乘車。																				
四、 以「紅色字體」標示者，表示搭乘該列車旅客，無法轉乘另一路線上行(往南岡山、往大寮)列車；以																				
「黃底」標示者，表示搭乘該列車旅客，無法轉乘另一路線下行(往小港、往西子灣)列車。																				
																				
站名：左營站																				
日型：平日																				
方向：上行，往南岡山																				
時	5	6	7	8	9	10	11	12	13	14	15	16	17	18	19	20	21	22	23	24
		10		2	4		4		4		4		1	4	5		4		4	8
		20	5	8	12	8	12	8	12	8	12	6	6	8	11	7	12	8	12	33
		31	10	14	20	16	20	16	20	16	20	11	10	13	19	11	20	16	20	
		39	14	18	28	24	28	24	28	24	28	16	15	17	27	16	26	24	28	
		47	19	23	34	32	36	32	36	32	36	24	19	22	35	24	31	32	48	
		54	24	28	38	40	44	40	44	40	44	32	24	26	43	32	36	40		
			30	33	44	48	52	48	52	48	52	40	28	31	47	40	44	48		
分			34	39	52	56		56		56		48	33	35	52	48	50	56		
			40	45								56	37	40		56	55			
			44	51									42	44						
			50	57									46	49						
			56										50	53						
													55	59						
													59							
										方向：下行，往小港										
時	5	6	7	8	9	10	11	12	13	14	15	16	17	18	19	20	21	22	23	24
			4	1	4		4		4		4		3	1	4		4		4	17
		17	9	6	12	8	12	8	12	8	12	8	7	6	8	8	12	8	12	
		23	13	12	19	16	20	16	20	16	20	12	12	10	14	16	20	16	20	
		31	19	18	25	24	28	24	28	24	28	16	16	15	21	24	28	24	37	
		39	24	24	32	32	36	32	36	32	36	24	21	19	26	28	36	32	57	
		44	28	30	38	40	44	40	44	40	44	32	25	24	31	32	44	40		
		49	34	36	44	48	52	48	52	48	52	40	30	28	37	40	52	48		
分		54	39	42	52	56		56		56		48	34	33	45	48		56		
		59	45	48								54	39	37	52	52				
			51	56								58	43	42		56				
			55										48	46						
													52	51						
													57	57						
																				
																				
																				
																				
																				
注意事項：																				
一、 高雄市政府發布颱風停止上班上課期間，營運班距為20分鐘，不適用本時刻表。																				
二、 特殊例假日期間(如：除夕、跨年……等)，本公司將視狀況調整營運班距，不適用本時刻表。																				
三、 各欄位時間為列車預定發車時刻，實際情形視列車調度狀況而定，請提前2-3分鐘進站乘車。																				
四、 以「紅色字體」標示者，表示搭乘該列車旅客，無法轉乘另一路線上行(往南岡山、往大寮)列車；以																				
「黃底」標示者，表示搭乘該列車旅客，無法轉乘另一路線下行(往小港、往西子灣)列車。																				
																				
站名：世運站																				
日型：平日																				
方向：上行，往南岡山																				
時	5	6	7	8	9	10	11	12	13	14	15	16	17	18	19	20	21	22	23	24
		12	3	5		3	7	3	7	3	7	3	4	2	2	3	7	3	7	11
		23	8	11	7	11	15	11	15	11	15	9	9	7	8	10	15	11	15	35
		34	13	17	15	19	23	19	23	19	23	14	13	11	14	14	23	19	23	
		42	17	21	23	27	31	27	31	27	31	19	18	16	22	19	29	27	31	
		50	22	26	31	35	39	35	39	35	39	27	22	20	30	27	34	35	51	
		57	27	31	37	43	47	43	47	43	47	35	27	25	38	35	39	43		
			32	36	41	51	55	51	55	51	55	43	31	29	46	43	47	51		
分			37	42	47	59		59		59		51	36	34	50	51	53	59		
			43	48	55							59	40	38	55	59	58			
			47	54									45	43						
			53										49	47						
			59										53	51						
													58	56						
										方向：下行，往小港										
時	5	6	7	8	9	10	11	12	13	14	15	16	17	18	19	20	21	22	23	24
	58	15	2	4	2	6	2	6	2	6	2	6	1	4	2	6	2	6	2	15
		21	7	10	10	14	10	14	10	14	10	10	5	8	6	14	10	14	10	
		29	11	16	17	22	18	22	18	22	18	14	10	13	12	22	18	22	18	
		37	17	22	23	30	26	30	26	30	26	22	14	17	19	26	26	30	35	
		42	22	28	30	38	34	38	34	38	34	30	19	22	24	30	34	38	55	
		47	26	34	36	46	42	46	42	46	42	38	23	26	29	38	42	46		
		52	32	40	42	54	50	54	50	54	50	46	28	31	35	46	50	54		
分		57	37	46	50		58		58		58	52	32	35	43	50	58			
			43	54	58							56	37	40	50	54				
			49										41	44	58					
			53										46	49						
			59										50	55						
55																				
59																				
																				
																				
																				
																				
																				
注意事項：																				
一、 高雄市政府發布颱風停止上班上課期間，營運班距為20分鐘，不適用本時刻表。																				
二、 特殊例假日期間(如：除夕、跨年……等)，本公司將視狀況調整營運班距，不適用本時刻表。																				
三、 各欄位時間為列車預定發車時刻，實際情形視列車調度狀況而定，請提前2-3分鐘進站乘車。																				
四、 以「紅色字體」標示者，表示搭乘該列車旅客，無法轉乘另一路線上行(往南岡山、往大寮)列車；以																				
「黃底」標示者，表示搭乘該列車旅客，無法轉乘另一路線下行(往小港、往西子灣)列車。																				
																				
站名：油廠國小站																				
日型：平日																				
方向：上行，往南岡山																				
時	5	6	7	8	9	10	11	12	13	14	15	16	17	18	19	20	21	22	23	24
		14	4		1	4		4		4		4		3	3	4		4		12
		25	9	6	8	12	8	12	8	12	8	10	5	8	9	11	8	12	8	37
		35	14	12	16	20	16	20	16	20	16	15	10	12	15	15	16	20	16	
		43	18	18	24	28	24	28	24	28	24	20	14	17	23	20	24	28	24	
		51	23	22	32	36	32	36	32	36	32	28	19	21	31	28	30	36	32	
		58	29	27	38	44	40	44	40	44	40	36	23	26	39	36	35	44	52	
			34	32	42	52	48	52	48	52	48	44	28	30	47	44	40	52		
分			38	37	48		56		56		56	52	32	35	51	52	48			
			44	43	56								37	39	56		54			
			49	49									41	44			59			
			54	55									46	48						
													50	53						
													54	57						
													59							
										方向：下行，往小港										
時	5	6	7	8	9	10	11	12	13	14	15	16	17	18	19	20	21	22	23	24
	56	14		2	1	5	1	5	1	5	1	5		3	1	5	1	5	1	14
		20	6	9	9	13	9	13	9	13	9	9	4	7	5	13	9	13	9	
		28	10	15	16	21	17	21	17	21	17	13	9	12	11	21	17	21	17	
		36	16	21	22	29	25	29	25	29	25	21	13	16	18	25	25	29	34	
		41	21	26	29	37	33	37	33	37	33	29	18	21	23	29	33	37	54	
		46	25	33	35	45	41	45	41	45	41	37	22	25	28	37	41	45		
		51	31	39	41	53	49	53	49	53	49	45	27	30	34	45	49	53		
分		56	36	45	49		57		57		57	51	31	34	42	49	57			
			42	53	57							55	36	39	49	53				
			48										40	43	57					
			52										45	48						
			58										49	54						
54																				
58																				
																				
																				
																				
																				
																				
注意事項：																				
一、 高雄市政府發布颱風停止上班上課期間，營運班距為20分鐘，不適用本時刻表。																				
二、 特殊例假日期間(如：除夕、跨年……等)，本公司將視狀況調整營運班距，不適用本時刻表。																				
三、 各欄位時間為列車預定發車時刻，實際情形視列車調度狀況而定，請提前2-3分鐘進站乘車。																				
四、 以「紅色字體」標示者，表示搭乘該列車旅客，無法轉乘另一路線上行(往南岡山、往大寮)列車；以																				
「黃底」標示者，表示搭乘該列車旅客，無法轉乘另一路線下行(往小港、往西子灣)列車。																				
																				
站名：楠梓加工區站																				
日型：平日																				
方向：上行，往南岡山																				
時	5	6	7	8	9	10	11	12	13	14	15	16	17	18	19	20	21	22	23	24
		16		2	3	6	2	6	2	6	2	6	2	1	5	6	2	1	2	14
		27	6	8	10	14	10	14	10	14	10	12	7	5	11	13	10	6	10	39
		37	11	14	18	22	18	22	18	22	18	17	12	10	17	17	18	14	18	
		45	16	20	26	30	26	30	26	30	26	22	16	14	25	22	26	22	26	
		53	20	24	34	38	34	38	34	38	34	30	21	19	33	30	32	30	34	
			25	29	40	46	42	46	42	46	42	38	25	23	41	38	37	38	54	
			31	34	44	54	50	54	50	54	50	46	30	28	49	46	42	46		
分			36	39	50		58		58		58	54	34	32	53	54	50	54		
			40	45	58								39	37	58		56			
			46	51									43	41						
			51	57									48	46						
			56										52	50						
													56	55						
														59						
										方向：下行，往小港										
時	5	6	7	8	9	10	11	12	13	14	15	16	17	18	19	20	21	22	23	24
	55	11	3		6	2	6	2	6	2	6	2	1		2	2	6	2	6	11
		17	7	6	13	10	14	10	14	10	14	6	6	4	8	10	14	10	14	
		25	13	12	19	18	22	18	22	18	22	10	10	9	15	18	22	18	31	
		33	18	18	26	26	30	26	30	26	30	18	15	13	20	22	30	26	51	
		38	22	24	32	34	38	34	38	34	38	26	19	18	25	26	38	34		
		43	28	30	38	42	46	42	46	42	46	34	24	22	31	34	46	42		
		48	33	36	46	50	54	50	54	50	54	42	28	27	39	42	54	50		
分		53	39	42	54	58		58		58		48	33	31	46	46		58		
		58	45	50								52	37	36	54	50				
			49	58								57	42	40		58				
			55										46	45						
													51	51						
													55	58						
																				
																				
																				
																				
																				
注意事項：																				
一、 高雄市政府發布颱風停止上班上課期間，營運班距為20分鐘，不適用本時刻表。																				
二、 特殊例假日期間(如：除夕、跨年……等)，本公司將視狀況調整營運班距，不適用本時刻表。																				
三、 各欄位時間為列車預定發車時刻，實際情形視列車調度狀況而定，請提前2-3分鐘進站乘車。																				
四、 以「紅色字體」標示者，表示搭乘該列車旅客，無法轉乘另一路線上行(往南岡山、往大寮)列車；以																				
「黃底」標示者，表示搭乘該列車旅客，無法轉乘另一路線下行(往小港、往西子灣)列車。																				
																				
站名：後勁站																				
日型：平日																				
方向：上行，往南岡山																				
時	5	6	7	8	9	10	11	12	13	14	15	16	17	18	19	20	21	22	23	24
		18	2	4	5		4		4		4		4	3	1		4	3	4	16
		29	8	10	12	8	12	8	12	8	12	8	9	7	7	8	12	8	12	41
		39	13	16	20	16	20	16	20	16	20	14	14	12	13	15	20	16	20	
		47	18	22	28	24	28	24	28	24	28	19	18	16	19	19	28	24	28	
		55	22	26	36	32	36	32	36	32	36	24	23	21	27	24	34	32	36	
			27	31	42	40	44	40	44	40	44	32	27	25	35	32	39	40	56	
			32	36	46	48	52	48	52	48	52	40	32	30	43	40	44	48		
分			38	41	52	56		56		56		48	36	34	51	48	52	56		
			42	47								56	41	39	55	56	58			
			48	53									45	43						
			52	59									50	48						
			58										54	52						
													58	57						
										方向：下行，往小港										
時	5	6	7	8	9	10	11	12	13	14	15	16	17	18	19	20	21	22	23	24
		10	2	5	5	1	5	1	5	1	5	1		3	1	1	5	1	5	10
		16	6	11	12	9	13	9	13	9	13	5	5	8	7	9	13	9	13	
		24	12	17	18	17	21	17	21	17	21	9	9	12	14	17	21	17	30	
		32	17	22	25	25	29	25	29	25	29	17	14	17	19	21	29	25	50	
		37	21	29	31	33	37	33	37	33	37	25	18	21	24	25	37	33		
		42	27	35	37	41	45	41	45	41	45	33	23	26	30	33	45	41		
		47	32	41	45	49	53	49	53	49	53	41	27	30	38	41	53	49		
分		52	38	49	53	57		57		57		47	32	35	45	45		57		
		56	44	57								51	36	39	53	49				
			48									56	41	44		57				
			54										45	50						
			58										50	57						
54																				
59																				
																				
																				
																				
																				
																				
注意事項：																				
一、 高雄市政府發布颱風停止上班上課期間，營運班距為20分鐘，不適用本時刻表。																				
二、 特殊例假日期間(如：除夕、跨年……等)，本公司將視狀況調整營運班距，不適用本時刻表。																				
三、 各欄位時間為列車預定發車時刻，實際情形視列車調度狀況而定，請提前2-3分鐘進站乘車。																				
四、 以「紅色字體」標示者，表示搭乘該列車旅客，無法轉乘另一路線上行(往南岡山、往大寮)列車；以																				
「黃底」標示者，表示搭乘該列車旅客，無法轉乘另一路線下行(往小港、往西子灣)列車。																				
																				
站名：都會公園站																				
日型：平日																				
方向：上行，往南岡山																				
時	5	6	7	8	9	10	11	12	13	14	15	16	17	18	19	20	21	22	23	24
		20	4		1	2	6	2	6	2	6	2	6		3	2	6		6	18
		31	10	6	7	10	14	10	14	10	14	10	11	5	9	10	14	5	14	42
		41	15	12	14	18	22	18	22	18	22	16	16	9	15	17	22	10	22	
		49	20	18	22	26	30	26	30	26	30	21	20	14	21	21	30	18	30	
		57	24	24	30	34	38	34	38	34	38	26	25	18	29	26	36	26	38	
			29	28	38	42	46	42	46	42	46	34	29	23	37	34	41	34	58	
			34	33	44	50	54	50	54	50	54	42	34	27	45	42	46	42		
分			39	38	48	58		58		58		50	38	32	53	50	54	50		
			44	43	54							58	43	36	57	58		58		
			50	49									47	41						
			54	55									52	45						
													56	50						
														54						
														58						
										方向：下行，往小港										
時	5	6	7	8	9	10	11	12	13	14	15	16	17	18	19	20	21	22	23	24
		8		3	3	7	3	7	3	7	3	3	3	1	5	7	3	7	3	8
		14	4	9	10	15	11	15	11	15	11	7	7	6	12	15	11	15	11	
		22	10	15	16	23	19	23	19	23	19	15	12	10	17	19	19	23	28	
		30	15	21	23	31	27	31	27	31	27	23	16	15	22	23	27	31	48	
		35	19	27	29	39	35	39	35	39	35	31	21	19	28	31	35	39		
		40	25	33	35	47	43	47	43	47	43	39	25	24	36	39	43	47		
		45	30	39	43	55	51	55	51	55	51	45	30	28	43	43	51	55		
分		50	36	47	51		59		59		59	49	34	33	51	47	59			
		55	42	55	59							54	39	37	59	55				
			46									58	43	42						
			52										48	48						
			57										52	55						
													57	59						
																				
																				
																				
																				
																				
注意事項：																				
一、 高雄市政府發布颱風停止上班上課期間，營運班距為20分鐘，不適用本時刻表。																				
二、 特殊例假日期間(如：除夕、跨年……等)，本公司將視狀況調整營運班距，不適用本時刻表。																				
三、 各欄位時間為列車預定發車時刻，實際情形視列車調度狀況而定，請提前2-3分鐘進站乘車。																				
四、 以「紅色字體」標示者，表示搭乘該列車旅客，無法轉乘另一路線上行(往南岡山、往大寮)列車；以																				
「黃底」標示者，表示搭乘該列車旅客，無法轉乘另一路線下行(往小港、往西子灣)列車。																				
																				
站名：青埔站																				
日型：平日																				
方向：上行，往南岡山																				
時	5	6	7	8	9	10	11	12	13	14	15	16	17	18	19	20	21	22	23	24
		22	6	2	3	4		4		4		4		2	1	4		2		
		33	12	8	9	12	8	12	8	12	8	12	8	7	5	12	8	7	8	20
		43	17	14	16	20	16	20	16	20	16	18	13	11	11	19	16	12	16	45
		51	22	20	24	28	24	28	24	28	24	23	18	16	17	23	24	20	24	
		59	26	26	32	36	32	36	32	36	32	28	22	20	23	28	32	28	32	
			31	30	40	44	40	44	40	44	40	36	27	25	31	36	38	36	40	
			36	35	46	52	48	52	48	52	48	44	31	29	39	44	43	44		
分			42	40	50		56		56		56	52	36	34	47	52	48	52		
			46	45	56								40	38	55		56			
			52	51									45	43	59					
			56	57									49	47						
													54	52						
													58	56						
										方向：下行，往小港										
時	5	6	7	8	9	10	11	12	13	14	15	16	17	18	19	20	21	22	23	24
		6	2	1	1	5	1	5	1	5	1	1	1	4	3	5	1	5	1	6
		12	8	7	8	13	9	13	9	13	9	5	5	8	10	13	9	13	9	
		20	13	13	14	21	17	21	17	21	17	13	10	13	15	17	17	21	26	
		28	17	18	21	29	25	29	25	29	25	21	14	17	20	21	25	29	46	
		33	23	25	27	37	33	37	33	37	33	29	19	22	26	29	33	37		
		38	28	31	33	45	41	45	41	45	41	37	23	26	34	37	41	45		
		43	34	37	41	53	49	53	49	53	49	43	28	31	41	41	49	53		
分		48	40	45	49		57		57		57	47	32	35	49	45	57			
		52	44	53	57							52	37	40	57	53				
		58	50									56	41	46						
			54										46	53						
													50	57						
55																				
59																				
																				
																				
																				
																				
																				
注意事項：																				
一、 高雄市政府發布颱風停止上班上課期間，營運班距為20分鐘，不適用本時刻表。																				
二、 特殊例假日期間(如：除夕、跨年……等)，本公司將視狀況調整營運班距，不適用本時刻表。																				
三、 各欄位時間為列車預定發車時刻，實際情形視列車調度狀況而定，請提前2-3分鐘進站乘車。																				
四、 以「紅色字體」標示者，表示搭乘該列車旅客，無法轉乘另一路線上行(往南岡山、往大寮)列車；以																				
「黃底」標示者，表示搭乘該列車旅客，無法轉乘另一路線下行(往小港、往西子灣)列車。																				
																				
站名：橋頭糖廠站																				
日型：平日																				
方向：上行，往南岡山																				
時	5	6	7	8	9	10	11	12	13	14	15	16	17	18	19	20	21	22	23	24
		24	1	4	5	6	2	6	2	6	2	6	2		3	1	2	4	2	2
		35	8	10	11	14	10	14	10	14	10	14	10	4	7	6	10	9	10	22
		45	14	16	18	22	18	22	18	22	18	20	15	9	13	14	18	14	18	46
		53	19	22	26	30	26	30	26	30	26	25	20	13	19	21	26	22	26	
			24	28	34	38	34	38	34	38	34	30	24	18	25	25	34	30	34	
			28	32	42	46	42	46	42	46	42	38	29	22	33	30	40	38	42	
			33	37	48	54	50	54	50	54	50	46	33	27	41	38	45	46		
分			38	42	52		58		58		58	54	38	31	49	46	50	54		
			44	47	58								42	36	57	54	58			
			48	53									47	40						
			54	59									51	45						
			58										56	49						
														54						
														58						
										方向：下行，往小港										
時	5	6	7	8	9	10	11	12	13	14	15	16	17	18	19	20	21	22	23	24
		4		5	6	3	7	3	7	3	7	3	3	2	1	3	7	3	7	4
		10	6	11	12	11	15	11	15	11	15	11	8	6	8	11	15	11	24	
		18	11	17	19	19	23	19	23	19	23	19	12	11	13	15	23	19	44	
		26	15	23	25	27	31	27	31	27	31	27	17	15	18	19	31	27		
		31	21	29	31	35	39	35	39	35	39	35	21	20	24	27	39	35		
		36	26	35	39	43	47	43	47	43	47	41	26	24	32	35	47	43		
		41	32	43	47	51	55	51	55	51	55	45	30	29	39	39	55	51		
分		46	38	51	55	59		59		59	59	50	35	33	47	43		59		
		51	42	59								54	39	38	55	51				
		56	48									59	44	44		59				
			53										48	51						
			59										53	55						
57																				
																				
																				
																				
																				
																				
注意事項：																				
一、 高雄市政府發布颱風停止上班上課期間，營運班距為20分鐘，不適用本時刻表。																				
二、 特殊例假日期間(如：除夕、跨年……等)，本公司將視狀況調整營運班距，不適用本時刻表。																				
三、 各欄位時間為列車預定發車時刻，實際情形視列車調度狀況而定，請提前2-3分鐘進站乘車。																				
四、 以「紅色字體」標示者，表示搭乘該列車旅客，無法轉乘另一路線上行(往南岡山、往大寮)列車；以																				
「黃底」標示者，表示搭乘該列車旅客，無法轉乘另一路線下行(往小港、往西子灣)列車。																				
																				
站名：橋頭火車站																				
日型：平日																				
方向：上行，往南岡山																				
時	5	6	7	8	9	10	11	12	13	14	15	16	17	18	19	20	21	22	23	24
		25	3		1		4		4		4		4	2		3	4		4	4
		37	10	6	7	8	12	8	12	8	12	8	12	6	4	8	12	6	12	24
		47	16	12	13	16	20	16	20	16	20	16	17	11	9	16	20	11	20	48
		55	21	18	20	24	28	24	28	24	28	22	22	15	15	23	28	16	28	
			26	24	28	32	36	32	36	32	36	27	26	20	21	27	36	24	36	
			30	30	36	40	44	40	44	40	44	32	31	24	27	32	42	32	44	
			35	34	44	48	52	48	52	48	52	40	35	29	35	40	47	40		
分			40	39	50	56		56		56		48	40	33	43	48	52	48		
			45	44	54							56	44	38	51	56		56		
			50	49									49	42	59					
			56	55									53	47						
													58	51						
														56						
										方向：下行，往小港										
時	5	6	7	8	9	10	11	12	13	14	15	16	17	18	19	20	21	22	23	24
		2	4	3	4	1	5	1	5	1	5	1	1		6	1	5	1	5	2
		8	9	9	10	9	13	9	13	9	13	9	6	4	11	9	13	9	22	
		16	13	15	17	17	21	17	21	17	21	17	10	9	16	13	21	17	42	
		24	19	21	23	25	29	25	29	25	29	25	15	13	22	17	29	25		
		29	24	27	29	33	37	33	37	33	37	33	19	18	30	25	37	33		
		34	30	33	37	41	45	41	45	41	45	39	24	22	37	33	45	41		
		39	36	41	45	49	53	49	53	49	53	43	28	27	45	37	53	49		
分		44	40	49	53	57		57		57	57	48	33	31	53	41		57		
		49	46	57								52	37	36		49				
		54	51									57	42	42		57				
		58	57										46	49						
													51	53						
													55	59						
																				
																				
																				
																				
																				
注意事項：																				
一、 高雄市政府發布颱風停止上班上課期間，營運班距為20分鐘，不適用本時刻表。																				
二、 特殊例假日期間(如：除夕、跨年……等)，本公司將視狀況調整營運班距，不適用本時刻表。																				
三、 各欄位時間為列車預定發車時刻，實際情形視列車調度狀況而定，請提前2-3分鐘進站乘車。																				
四、 以「紅色字體」標示者，表示搭乘該列車旅客，無法轉乘另一路線上行(往南岡山、往大寮)列車；以																				
「黃底」標示者，表示搭乘該列車旅客，無法轉乘另一路線下行(往小港、往西子灣)列車。																				
																				
站名：南岡山站																				
日型：平日																				
方向：下行，往小港																				
時	5	6	7	8	9	10	11	12	13	14	15	16	17	18	19	20	21	22	23	24
			2	1	2	7	3	7	3	7	3	7	4	2	4	7	3	7	3	
		6	7	7	8	15	11	15	11	15	11	15	8	7	9	11	11	15	20	
		14	11	13	15	23	19	23	19	23	19	23	13	11	14	15	19	23	40	
		22	17	19	21	31	27	31	27	31	27	31	17	16	20	23	27	31		
		27	22	25	27	39	35	39	35	39	35	37	22	20	28	31	35	39		
		32	28	31	35	47	43	47	43	47	43	41	26	25	35	35	43	47		
		37	34	39	43	55	51	55	51	55	51	46	31	29	43	39	51	55		
分		42	38	47	51		59		59		55	50	35	34	51	47	59			
		47	44	55	59						59	55	40	40	59	55				
		52	49									59	44	47						
		56	55										49	51						
													53	57						
58																				
																				
																				
																				
																				
																				
注意事項：																				
一、 高雄市政府發布颱風停止上班上課期間，營運班距為20分鐘，不適用本時刻表。																				
二、 特殊例假日期間(如：除夕、跨年……等)，本公司將視狀況調整營運班距，不適用本時刻表。																				
三、 各欄位時間為列車預定發車時刻，實際情形視列車調度狀況而定，請提前2-3分鐘進站乘車。																				
四、 以「紅色字體」標示者，表示搭乘該列車旅客，無法轉乘另一路線上行(往南岡山、往大寮)列車；以																				
「黃底」標示者，表示搭乘該列車旅客，無法轉乘另一路線下行(往小港、往西子灣)列車。																				
																				
站名：西子灣站																				
日型：平日																				
方向：上行，往大寮																				
時	5	6	7	8	9	10	11	12	13	14	15	16	17	18	19	20	21	22	23	24
			4		7	3	7	3	7	3	7	3	3	4	7	3	7	3	7	
		8	10	4	15	11	15	11	15	11	15	11	9	10	15	11	15	11	20	
		14	15	10	23	19	23	19	23	19	23	19	14	14	23	19	23	19	40	
		20	20	15	31	27	31	27	31	27	31	27	19	19	31	27	31	27		
		28	25	20	39	35	39	35	39	35	39	33	24	24	39	35	39	35		
分		34	30	24	47	43	47	43	47	43	47	39	29	28	47	43	47	43		
		40	35	29	55	51	55	51	55	51	55	45	34	34	55	51	55	51		
		46	40	35		59		59		59		51	39	42		59		59		
		52	44	42								57	44	46						
		58	50	46									49	52						
			55	51									54	59						
				59									59							
																				
																				
																				
																				
																				
注意事項：																				
一、 高雄市政府發布颱風停止上班上課期間，營運班距為20分鐘，不適用本時刻表。																				
二、 特殊例假日期間(如：除夕、跨年……等)，本公司將視狀況調整營運班距，不適用本時刻表。																				
三、 各欄位時間為列車預定發車時刻，實際情形視列車調度狀況而定，請提前2-3分鐘進站乘車。																				
四、 以「紅色字體」標示者，表示搭乘該列車旅客，無法轉乘另一路線上行(往南岡山、往大寮)列車；以																				
「黃底」標示者，表示搭乘該列車旅客，無法轉乘另一路線下行(往小港、往西子灣)列車。																				
																				
站名：鹽埕埔站																				
日型：平日																				
方向：上行，往大寮																				
時	5	6	7	8	9	10	11	12	13	14	15	16	17	18	19	20	21	22	23	24
		1	5	1		4		4		4		4	4			4		4		1
		9	11	5	8	12	8	12	8	12	8	12	10	5	8	12	8	12	8	
		15	16	11	16	20	16	20	16	20	16	20	15	11	16	20	16	20	21	
		21	21	16	24	28	24	28	24	28	24	28	20	15	24	28	24	28	41	
		29	26	21	32	36	32	36	32	36	32	34	25	20	32	36	32	36		
		35	31	25	40	44	40	44	40	44	40	40	30	25	40	44	40	44		
分		41	36	30	48	52	48	52	48	52	48	46	35	29	48	52	48	52		
		47	41	36	56		56		56		56	52	40	35	56		56			
		53	45	43								58	45	43						
		59	51	47									50	47						
			56	52									55	53						
										方向：下行，往西子灣										
時	5	6	7	8	9	10	11	12	13	14	15	16	17	18	19	20	21	22	23	24
		3	2	2		4		4		4		4		1		4		4		1
		11	7	7	8	12	8	12	8	12	8	12	6	6	8	12	8	12	8	21
		21	12	12	16	20	16	20	16	20	16	20	11	11	16	20	16	20	16	
		28	16	17	24	28	24	28	24	28	24	27	15	16	24	28	24	28	24	
		34	22	23	32	36	32	36	32	36	32	33	21	21	32	36	32	36	41	
分		40	27	29	40	44	40	44	40	44	40	39	26	28	40	44	40	44		
		46	32	35	48	52	48	52	48	52	48	45	31	34	48	52	48	52		
		52	37	40	56		56		56		56	51	36	40	56		56			
		58	42	45								56	41	46						
			46	52									45	52						
			52										51							
			57										56							
																				
																				
																				
																				
																				
注意事項：																				
一、 高雄市政府發布颱風停止上班上課期間，營運班距為20分鐘，不適用本時刻表。																				
二、 特殊例假日期間(如：除夕、跨年……等)，本公司將視狀況調整營運班距，不適用本時刻表。																				
三、 各欄位時間為列車預定發車時刻，實際情形視列車調度狀況而定，請提前2-3分鐘進站乘車。																				
四、 以「紅色字體」標示者，表示搭乘該列車旅客，無法轉乘另一路線上行(往南岡山、往大寮)列車；以																				
「黃底」標示者，表示搭乘該列車旅客，無法轉乘另一路線下行(往小港、往西子灣)列車。																				
																				
站名：市議會站																				
日型：平日																				
方向：上行，往大寮																				
時	5	6	7	8	9	10	11	12	13	14	15	16	17	18	19	20	21	22	23	24
		3	1	3	2	6	2	6	2	6	2	6		2	2	6	2	6	2	3
		11	7	7	10	14	10	14	10	14	10	14	6	7	10	14	10	14	10	
		17	13	13	18	22	18	22	18	22	18	22	12	13	18	22	18	22	23	
		23	18	18	26	30	26	30	26	30	26	30	17	17	26	30	26	30	43	
		31	23	23	34	38	34	38	34	38	34	36	22	22	34	38	34	38		
		37	28	27	42	46	42	46	42	46	42	42	27	27	42	46	42	46		
分		43	33	32	50	54	50	54	50	54	50	48	32	31	50	54	50	54		
		49	38	38	58		58		58		58	54	37	37	58		58			
		55	43	45									42	45						
			47	49									47	49						
			53	54									52	55						
			58										57							
										方向：下行，往西子灣										
時	5	6	7	8	9	10	11	12	13	14	15	16	17	18	19	20	21	22	23	24
		1			6	2	6	2	6	2	6	2	4	4	6	2	6	2	6	19
		9	5	5	14	10	14	10	14	10	14	10	9	9	14	10	14	10	14	
		19	10	10	22	18	22	18	22	18	22	18	13	14	22	18	22	18	22	
		26	14	15	30	26	30	26	30	26	30	25	19	19	30	26	30	26	39	
		32	20	21	38	34	38	34	38	34	38	31	24	26	38	34	38	34	59	
		38	25	27	46	42	46	42	46	42	46	38	29	32	46	42	46	42		
分		45	30	33	54	50	54	50	54	50	54	43	34	38	54	50	54	50		
		51	35	38		58		58		58		49	39	44		58		58		
		56	40	44								54	43	50						
			44	50								58	49	58						
			50	58									54							
			55										59							
																				
																				
																				
																				
																				
注意事項：																				
一、 高雄市政府發布颱風停止上班上課期間，營運班距為20分鐘，不適用本時刻表。																				
二、 特殊例假日期間(如：除夕、跨年……等)，本公司將視狀況調整營運班距，不適用本時刻表。																				
三、 各欄位時間為列車預定發車時刻，實際情形視列車調度狀況而定，請提前2-3分鐘進站乘車。																				
四、 以「紅色字體」標示者，表示搭乘該列車旅客，無法轉乘另一路線上行(往南岡山、往大寮)列車；以																				
「黃底」標示者，表示搭乘該列車旅客，無法轉乘另一路線下行(往小港、往西子灣)列車。																				
																				
站名：信義國小站																				
日型：平日																				
方向：上行，往大寮																				
時	5	6	7	8	9	10	11	12	13	14	15	16	17	18	19	20	21	22	23	24
		7	5	2	6	2	6	2	6	2	6	2	4	1	6	2	6	2	6	7
		15	11	7	14	10	14	10	14	10	14	10	10	6	14	10	14	10	14	
		21	17	11	22	18	22	18	22	18	22	18	16	11	22	18	22	18	27	
		27	22	17	30	26	30	26	30	26	30	26	21	17	30	26	30	26	47	
		35	27	22	38	34	38	34	38	34	38	34	26	21	38	34	38	34		
		41	32	27	46	42	46	42	46	42	46	40	31	26	46	42	46	42		
分		47	37	31	54	50	54	50	54	50	54	46	36	31	54	50	54	50		
		53	42	36		58		58		58		52	41	35		58		58		
		59	47	42								58	46	41						
			51	49									51	49						
			57	53									56	53						
				58										59						
										方向：下行，往西子灣										
時	5	6	7	8	9	10	11	12	13	14	15	16	17	18	19	20	21	22	23	24
		5	1	1	2	6	2	6	2	6	2	6			2	6	2	6	2	15
		15	6	6	10	14	10	14	10	14	10	14	5	5	10	14	10	14	10	
		22	10	11	18	22	18	22	18	22	18	21	9	10	18	22	18	22	18	
		28	16	17	26	30	26	30	26	30	26	27	15	15	26	30	26	30	35	
		34	21	23	34	38	34	38	34	38	34	34	20	22	34	38	34	38	55	
		41	26	29	42	46	42	46	42	46	42	39	25	28	42	46	42	46		
分		47	31	34	50	54	50	54	50	54	50	45	30	34	50	54	50	54		
		52	36	40	58		58		58		58	50	35	40	58		58			
		56	40	46								54	39	46						
			46	54									45	54						
			51										50							
			56										55							
																				
																				
																				
																				
																				
注意事項：																				
一、 高雄市政府發布颱風停止上班上課期間，營運班距為20分鐘，不適用本時刻表。																				
二、 特殊例假日期間(如：除夕、跨年……等)，本公司將視狀況調整營運班距，不適用本時刻表。																				
三、 各欄位時間為列車預定發車時刻，實際情形視列車調度狀況而定，請提前2-3分鐘進站乘車。																				
四、 以「紅色字體」標示者，表示搭乘該列車旅客，無法轉乘另一路線上行(往南岡山、往大寮)列車；以																				
「黃底」標示者，表示搭乘該列車旅客，無法轉乘另一路線下行(往小港、往西子灣)列車。																				
																				
站名：文化中心站																				
日型：平日																				
方向：上行，往大寮																				
時	5	6	7	8	9	10	11	12	13	14	15	16	17	18	19	20	21	22	23	24
		8		3	7	3	7	3	7	3	7	3	5	2		3	7	3	7	8
		16	6	8	15	11	15	11	15	11	15	11	11	7	7	11	15	11	15	
		22	12	12	23	19	23	19	23	19	23	19	17	12	15	19	23	19	28	
		28	18	18	31	27	31	27	31	27	31	27	22	18	23	27	31	27	48	
		36	23	23	39	35	39	35	39	35	39	35	27	22	31	35	39	35		
		42	28	28	47	43	47	43	47	43	47	41	32	27	39	43	47	43		
分		48	33	32	55	51	55	51	55	51	55	47	37	32	47	51	55	51		
		54	38	37		59		59		59		53	42	36	55	59		59		
			43	43								59	47	42						
			48	50									52	50						
			52	54									57	54						
			58	59																
										方向：下行，往西子灣										
時	5	6	7	8	9	10	11	12	13	14	15	16	17	18	19	20	21	22	23	24
		4	4	4		4		4		4		4	3	3		4		4		13
		13	8	9	8	12	8	12	8	12	8	12	7	8	8	12	8	12	8	
		20	14	15	16	20	16	20	16	20	16	19	13	13	16	20	16	20	16	
		26	19	21	24	28	24	28	24	28	24	25	18	20	24	28	24	28	33	
		32	24	27	32	36	32	36	32	36	32	32	23	26	32	36	32	36	53	
		39	29	32	40	44	40	44	40	44	40	37	28	32	40	44	40	44		
分		45	34	38	48	52	48	52	48	52	48	43	33	38	48	52	48	52		
		50	38	44	56		56		56		56	48	37	44	56		56			
		54	44	52								52	43	52						
		59	49									58	48							
			54										53							
			59										58							
																				
																				
																				
																				
																				
注意事項：																				
一、 高雄市政府發布颱風停止上班上課期間，營運班距為20分鐘，不適用本時刻表。																				
二、 特殊例假日期間(如：除夕、跨年……等)，本公司將視狀況調整營運班距，不適用本時刻表。																				
三、 各欄位時間為列車預定發車時刻，實際情形視列車調度狀況而定，請提前2-3分鐘進站乘車。																				
四、 以「紅色字體」標示者，表示搭乘該列車旅客，無法轉乘另一路線上行(往南岡山、往大寮)列車；以																				
「黃底」標示者，表示搭乘該列車旅客，無法轉乘另一路線下行(往小港、往西子灣)列車。																				
																				
站名：五塊厝站																				
日型：平日																				
方向：上行，往大寮																				
時	5	6	7	8	9	10	11	12	13	14	15	16	17	18	19	20	21	22	23	24
			2		1	5	1	5	1	5	1	5	1	4	2	5	1	5	1	10
		10	8	5	9	13	9	13	9	13	9	13	7	9	9	13	9	13	9	
		18	14	10	17	21	17	21	17	21	17	21	13	14	17	21	17	21	17	
		24	20	14	25	29	25	29	25	29	25	29	19	20	25	29	25	29	30	
		30	25	20	33	37	33	37	33	37	33	37	24	24	33	37	33	37	50	
		38	30	25	41	45	41	45	41	45	41	43	29	29	41	45	41	45		
分		44	35	30	49	53	49	53	49	53	49	49	34	34	49	53	49	53		
		50	40	34	57		57		57		57	55	39	38	57		57			
		56	45	39									44	44						
			50	45									49	52						
			54	52									54	56						
				56									59							
										方向：下行，往西子灣										
時	5	6	7	8	9	10	11	12	13	14	15	16	17	18	19	20	21	22	23	24
		2	3	3	7	3	7	3	7	3	7	3	2	2	7	3	7	3	7	12
		12	7	8	15	11	15	11	15	11	15	11	6	7	15	11	15	11	15	
		19	13	14	23	19	23	19	23	19	23	18	12	12	23	19	23	19	32	
		25	18	20	31	27	31	27	31	27	31	24	17	19	31	27	31	27	52	
		31	23	26	39	35	39	35	39	35	39	31	22	25	39	35	39	35		
		38	28	31	47	43	47	43	47	43	47	36	27	31	47	43	47	43		
分		44	33	37	55	51	55	51	55	51	55	42	32	37	55	51	55	51		
		49	37	43		59		59		59		47	36	43		59		59		
		53	43	51								51	42	51						
		58	48	59								57	47	59						
			53										52							
			58										57							
																				
																				
																				
																				
																				
注意事項：																				
一、 高雄市政府發布颱風停止上班上課期間，營運班距為20分鐘，不適用本時刻表。																				
二、 特殊例假日期間(如：除夕、跨年……等)，本公司將視狀況調整營運班距，不適用本時刻表。																				
三、 各欄位時間為列車預定發車時刻，實際情形視列車調度狀況而定，請提前2-3分鐘進站乘車。																				
四、 以「紅色字體」標示者，表示搭乘該列車旅客，無法轉乘另一路線上行(往南岡山、往大寮)列車；以																				
「黃底」標示者，表示搭乘該列車旅客，無法轉乘另一路線下行(往小港、往西子灣)列車。																				
																				
站名：技擊館站																				
日型：平日																				
方向：上行，往大寮																				
時	5	6	7	8	9	10	11	12	13	14	15	16	17	18	19	20	21	22	23	24
		1	4	2	3	7	3	7	3	7	3	7	3	1	4	7	3	7	3	12
		12	10	7	11	15	11	15	11	15	11	15	9	6	11	15	11	15	11	
		20	16	12	19	23	19	23	19	23	19	23	15	11	19	23	19	23	19	
		26	22	16	27	31	27	31	27	31	27	31	21	16	27	31	27	31	32	
		32	27	22	35	39	35	39	35	39	35	39	26	22	35	39	35	39	52	
		40	32	27	43	47	43	47	43	47	43	45	31	26	43	47	43	47		
分		46	37	32	51	55	51	55	51	55	51	51	36	31	51	55	51	55		
		52	42	36	59		59		59		59	57	41	36	59		59			
		58	47	41									46	40						
			52	47									51	46						
			56	54									56	54						
				58										58						
										方向：下行，往西子灣										
時	5	6	7	8	9	10	11	12	13	14	15	16	17	18	19	20	21	22	23	24
		1	1	1	5	1	5	1	5	1	5	1			5	1	5	1	5	10
		10	5	6	13	9	13	9	13	9	13	9	4	5	13	9	13	9	13	
		17	11	12	21	17	21	17	21	17	21	16	10	10	21	17	21	17	30	
		23	16	18	29	25	29	25	29	25	29	22	15	17	29	25	29	25	50	
		29	21	24	37	33	37	33	37	33	37	29	20	23	37	33	37	33		
		36	26	29	45	41	45	41	45	41	45	34	25	29	45	41	45	41		
分		42	31	35	53	49	53	49	53	49	53	40	30	35	53	49	53	49		
		47	35	41		57		57		57		45	34	41		57		57		
		51	41	49								49	40	49						
		56	46	57								55	45	57						
			51										50							
			56										55							
																				
																				
																				
																				
																				
注意事項：																				
一、 高雄市政府發布颱風停止上班上課期間，營運班距為20分鐘，不適用本時刻表。																				
二、 特殊例假日期間(如：除夕、跨年……等)，本公司將視狀況調整營運班距，不適用本時刻表。																				
三、 各欄位時間為列車預定發車時刻，實際情形視列車調度狀況而定，請提前2-3分鐘進站乘車。																				
四、 以「紅色字體」標示者，表示搭乘該列車旅客，無法轉乘另一路線上行(往南岡山、往大寮)列車；以																				
「黃底」標示者，表示搭乘該列車旅客，無法轉乘另一路線下行(往小港、往西子灣)列車。																				
																				
站名：衛武營站																				
日型：平日																				
方向：上行，往大寮																				
時	5	6	7	8	9	10	11	12	13	14	15	16	17	18	19	20	21	22	23	24
		2	5	3	4		4		4		4		4	2	5		4		4	13
		13	11	8	12	8	12	8	12	8	12	8	10	7	12	8	12	8	12	
		21	17	13	20	16	20	16	20	16	20	16	16	12	20	16	20	16	20	
		27	23	17	28	24	28	24	28	24	28	24	22	17	28	24	28	24	33	
		33	28	23	36	32	36	32	36	32	36	32	27	23	36	32	36	32	53	
		41	33	28	44	40	44	40	44	40	44	40	32	27	44	40	44	40		
分		47	38	33	52	48	52	48	52	48	52	46	37	32	52	48	52	48		
		53	43	37		56		56		56		52	42	37		56		56		
		59	48	42								58	47	41						
			53	48									52	47						
			57	55									57	55						
				59										59						
										方向：下行，往西子灣										
時	5	6	7	8	9	10	11	12	13	14	15	16	17	18	19	20	21	22	23	24
					4		4		4		4		3	4	4		4		4	9
		9	4	5	12	8	12	8	12	8	12	8	9	9	12	8	12	8	12	
		16	10	11	20	16	20	16	20	16	20	15	14	16	20	16	20	16	29	
		22	15	17	28	24	28	24	28	24	28	21	19	22	28	24	28	24	49	
		28	20	23	36	32	36	32	36	32	36	28	24	28	36	32	36	32		
分		35	25	28	44	40	44	40	44	40	44	33	29	34	44	40	44	40		
		41	30	34	52	48	52	48	52	48	52	39	33	40	52	48	52	48		
		46	34	40		56		56		56		44	39	48		56		56		
		50	40	48								48	44	56						
		55	45	56								54	49							
			50									59	54							
			55										59							
																				
																				
																				
																				
																				
注意事項：																				
一、 高雄市政府發布颱風停止上班上課期間，營運班距為20分鐘，不適用本時刻表。																				
二、 特殊例假日期間(如：除夕、跨年……等)，本公司將視狀況調整營運班距，不適用本時刻表。																				
三、 各欄位時間為列車預定發車時刻，實際情形視列車調度狀況而定，請提前2-3分鐘進站乘車。																				
四、 以「紅色字體」標示者，表示搭乘該列車旅客，無法轉乘另一路線上行(往南岡山、往大寮)列車；以																				
「黃底」標示者，表示搭乘該列車旅客，無法轉乘另一路線下行(往小港、往西子灣)列車。																				
																				
站名：鳳山西站																				
日型：平日																				
方向：上行，往大寮																				
時	5	6	7	8	9	10	11	12	13	14	15	16	17	18	19	20	21	22	23	24
		4	1	5	1	2	6	2	6	2	6	2		4	1	2	6	2	6	15
		15	7	10	6	10	14	10	14	10	14	10	6	9	7	10	14	10	14	
		23	13	15	14	18	22	18	22	18	22	18	12	14	14	18	22	18	22	
		29	19	19	22	26	30	26	30	26	30	26	18	19	22	26	30	26	35	
		35	25	25	30	34	38	34	38	34	38	34	24	25	30	34	38	34	55	
		43	30	30	38	42	46	42	46	42	46	42	29	29	38	42	46	42		
分		49	35	35	46	50	54	50	54	50	54	48	34	34	46	50	54	50		
		55	40	39	54	58		58		58		54	39	39	54	58		58		
			45	44									44	43						
			50	50									49	49						
			55	57									54	57						
			59										59							
										方向：下行，往西子灣										
時	5	6	7	8	9	10	11	12	13	14	15	16	17	18	19	20	21	22	23	24
		7	2	3	2	6	2	6	2	6	2	6	1	2	2	6	2	6	2	7
		14	8	9	10	14	10	14	10	14	10	13	7	7	10	14	10	14	10	
		20	13	15	18	22	18	22	18	22	18	19	12	14	18	22	18	22	27	
		26	18	21	26	30	26	30	26	30	26	26	17	20	26	30	26	30	47	
		33	23	26	34	38	34	38	34	38	34	31	22	26	34	38	34	38		
		39	28	32	42	46	42	46	42	46	42	37	27	32	42	46	42	46		
分		44	32	38	50	54	50	54	50	54	50	42	31	38	50	54	50	54		
		48	38	46	58		58		58		58	46	37	46	58		58			
		53	43	54								52	42	54						
		58	48									57	47							
			53										52							
			58										57							
																				
																				
																				
																				
																				
注意事項：																				
一、 高雄市政府發布颱風停止上班上課期間，營運班距為20分鐘，不適用本時刻表。																				
二、 特殊例假日期間(如：除夕、跨年……等)，本公司將視狀況調整營運班距，不適用本時刻表。																				
三、 各欄位時間為列車預定發車時刻，實際情形視列車調度狀況而定，請提前2-3分鐘進站乘車。																				
四、 以「紅色字體」標示者，表示搭乘該列車旅客，無法轉乘另一路線上行(往南岡山、往大寮)列車；以																				
「黃底」標示者，表示搭乘該列車旅客，無法轉乘另一路線下行(往小港、往西子灣)列車。																				
																				
站名：鳳山站																				
日型：平日																				
方向：上行，往大寮																				
時	5	6	7	8	9	10	11	12	13	14	15	16	17	18	19	20	21	22	23	24
		5	2		2	3	7	3	7	3	7	3	1		2	3	7	3	7	16
		16	8	6	7	11	15	11	15	11	15	11	7	5	8	11	15	11	15	
		24	14	11	15	19	23	19	23	19	23	19	13	10	15	19	23	19	23	
		30	20	16	23	27	31	27	31	27	31	27	19	15	23	27	31	27	36	
		36	26	20	31	35	39	35	39	35	39	35	25	20	31	35	39	35	56	
		44	31	26	39	43	47	43	47	43	47	43	30	26	39	43	47	43		
分		50	36	31	47	51	55	51	55	51	55	49	35	30	47	51	55	51		
		56	41	36	55	59		59		59		55	40	35	55	59		59		
			46	40									45	40						
			51	45									50	44						
			56	51									55	50						
				58										58						
										方向：下行，往西子灣										
時	5	6	7	8	9	10	11	12	13	14	15	16	17	18	19	20	21	22	23	24
		6	1	2	1	5	1	5	1	5	1	5		1	1	5	1	5	1	6
		13	7	8	9	13	9	13	9	13	9	12	6	6	9	13	9	13	9	
		19	12	14	17	21	17	21	17	21	17	18	11	13	17	21	17	21	26	
		25	17	20	25	29	25	29	25	29	25	25	16	19	25	29	25	29	46	
		32	22	25	33	37	33	37	33	37	33	30	21	25	33	37	33	37		
		38	27	31	41	45	41	45	41	45	41	36	26	31	41	45	41	45		
分		43	31	37	49	53	49	53	49	53	49	41	30	37	49	53	49	53		
		47	37	45	57		57		57		57	45	36	45	57		57			
		52	42	53								51	41	53						
		57	47									56	46							
			52										51							
			57										56							
																				
																				
																				
																				
																				
注意事項：																				
一、 高雄市政府發布颱風停止上班上課期間，營運班距為20分鐘，不適用本時刻表。																				
二、 特殊例假日期間(如：除夕、跨年……等)，本公司將視狀況調整營運班距，不適用本時刻表。																				
三、 各欄位時間為列車預定發車時刻，實際情形視列車調度狀況而定，請提前2-3分鐘進站乘車。																				
四、 以「紅色字體」標示者，表示搭乘該列車旅客，無法轉乘另一路線上行(往南岡山、往大寮)列車；以																				
「黃底」標示者，表示搭乘該列車旅客，無法轉乘另一路線下行(往小港、往西子灣)列車。																				
																				
站名：大東站																				
日型：平日																				
方向：上行，往大寮																				
時	5	6	7	8	9	10	11	12	13	14	15	16	17	18	19	20	21	22	23	24
		7	4	2		5	1	5	1	5	1	5	3	2		5	1	5	1	18
		18	10	8	4	13	9	13	9	13	9	13	9	7	4	13	9	13	9	
		26	16	13	9	21	17	21	17	21	17	21	15	12	10	21	17	21	17	
		32	22	18	17	29	25	29	25	29	25	29	21	17	17	29	25	29	25	
		38	28	22	25	37	33	37	33	37	33	37	27	22	25	37	33	37	38	
		46	33	28	33	45	41	45	41	45	41	45	32	28	33	45	41	45	58	
分		52	38	33	41	53	49	53	49	53	49	51	37	32	41	53	49	53		
		58	43	38	49		57		57		57	57	42	37	49		57			
			48	42	57								47	42	57					
			53	47									52	46						
			58	53									57	52						
										方向：下行，往西子灣										
時	5	6	7	8	9	10	11	12	13	14	15	16	17	18	19	20	21	22	23	24
		4	5		7	3	7	3	7	3	7	3	4	4	7	3	7	3	7	4
		11	10	6	15	11	15	11	15	11	15	10	9	11	15	11	15	11	24	
		17	15	12	23	19	23	19	23	19	23	16	14	17	23	19	23	19	44	
		23	20	18	31	27	31	27	31	27	31	23	19	23	31	27	31	27		
		30	25	23	39	35	39	35	39	35	39	28	24	29	39	35	39	35		
		36	29	29	47	43	47	43	47	43	47	34	28	35	47	43	47	43		
分		41	35	35	55	51	55	51	55	51	55	39	34	43	55	51	55	51		
		45	40	43		59		59		59		43	39	51		59		59		
		50	45	51								49	44	59						
		55	50	59								54	49							
		59	55									58	54							
59																				
																				
																				
																				
																				
																				
注意事項：																				
一、 高雄市政府發布颱風停止上班上課期間，營運班距為20分鐘，不適用本時刻表。																				
二、 特殊例假日期間(如：除夕、跨年……等)，本公司將視狀況調整營運班距，不適用本時刻表。																				
三、 各欄位時間為列車預定發車時刻，實際情形視列車調度狀況而定，請提前2-3分鐘進站乘車。																				
四、 以「紅色字體」標示者，表示搭乘該列車旅客，無法轉乘另一路線上行(往南岡山、往大寮)列車；以																				
「黃底」標示者，表示搭乘該列車旅客，無法轉乘另一路線下行(往小港、往西子灣)列車。																				
																				
站名：鳳山國中站																				
日型：平日																				
方向：上行，往大寮																				
時	5	6	7	8	9	10	11	12	13	14	15	16	17	18	19	20	21	22	23	24
		9			2	7	3	7	3	7	3	7	5	4	2	7	3	7	3	
		20	6	4	6	15	11	15	11	15	11	15	11	9	6	15	11	15	11	20
		28	12	10	11	23	19	23	19	23	19	23	17	14	12	23	19	23	19	
		34	18	15	19	31	27	31	27	31	27	31	23	19	19	31	27	31	27	
		40	24	20	27	39	35	39	35	39	35	39	29	24	27	39	35	39	40	
		48	30	24	35	47	43	47	43	47	43	47	34	30	35	47	43	47		
分		54	35	30	43	55	51	55	51	55	51	53	39	34	43	55	51	55		
			40	35	51		59		59		59	59	44	39	51		59			
			45	40	59								49	44	59					
			50	44									54	48						
			55	49									59	54						
				55																
										方向：下行，往西子灣										
時	5	6	7	8	9	10	11	12	13	14	15	16	17	18	19	20	21	22	23	24
		2	3	4	5	1	5	1	5	1	5	1	2	2	5	1	5	1	5	2
		9	8	10	13	9	13	9	13	9	13	8	7	9	13	9	13	9	22	
		15	13	16	21	17	21	17	21	17	21	14	12	15	21	17	21	17	42	
		21	18	21	29	25	29	25	29	25	29	21	17	21	29	25	29	25		
		28	23	27	37	33	37	33	37	33	37	26	22	27	37	33	37	33		
		34	27	33	45	41	45	41	45	41	45	32	26	33	45	41	45	41		
分		39	33	41	53	49	53	49	53	49	53	37	32	41	53	49	53	49		
		43	38	49		57		57		57		41	37	49		57		57		
		48	43	57								47	42	57						
		53	48									52	47							
		57	53									56	52							
			58										57							
																				
																				
																				
																				
																				
注意事項：																				
一、 高雄市政府發布颱風停止上班上課期間，營運班距為20分鐘，不適用本時刻表。																				
二、 特殊例假日期間(如：除夕、跨年……等)，本公司將視狀況調整營運班距，不適用本時刻表。																				
三、 各欄位時間為列車預定發車時刻，實際情形視列車調度狀況而定，請提前2-3分鐘進站乘車。																				
四、 以「紅色字體」標示者，表示搭乘該列車旅客，無法轉乘另一路線上行(往南岡山、往大寮)列車；以																				
「黃底」標示者，表示搭乘該列車旅客，無法轉乘另一路線下行(往小港、往西子灣)列車。																				
																				
站名：大寮站																				
日型：平日																				
方向：下行，往西子灣																				
時	5	6	7	8	9	10	11	12	13	14	15	16	17	18	19	20	21	22	23	24
			1	2	3	7	3	7	3	7	3	6			3	7	3	7	3	
		7	6	8	11	15	11	15	11	15	11	12	5	7	11	15	11	15	20	
		13	11	14	19	23	19	23	19	23	19	19	10	13	19	23	19	23	40	
		19	16	19	27	31	27	31	27	31	27	24	15	19	27	31	27	31		
		26	21	25	35	39	35	39	35	39	35	30	20	25	35	39	35	39		
分		32	25	31	43	47	43	47	43	47	43	35	24	31	43	47	43	47		
		37	31	39	51	55	51	55	51	55	51	39	30	39	51	55	51	55		
		41	36	47	59		59		59		59	45	35	47	59		59			
		46	41	55								50	40	55						
		51	46									54	45							
		55	51										50							
			56										55							